Result: safe in 9.0306 seconds
############# Summary #############
Final verified acc: 74.19354838709677% (total 186 examples)
Problem instances count: 186 , total verified (safe/unsat): 138 , total falsified (unsafe/sat): 46 , timeout: 2
mean time for ALL instances (total 186):3.693038641897238, max time: 125.27869868278503
mean time for verified SAFE instances(total 138): 3.148656399353691, max time: 79.36743187904358
mean time for verified (SAFE + UNSAFE) instances (total 184): 2.4193167271821396, max time: [4.748965740203857, 1.7174818515777588, 2.016223907470703, 2.0175704956054688, 1.7126142978668213, 1.882462739944458, 1.5384814739227295, 1.5191371440887451, 1.402587890625, 1.8376047611236572, 1.9827852249145508, 1.8266727924346924, 1.9218189716339111, 2.76656436920166, 2.3801677227020264, 2.9255032539367676, 3.163118600845337, 3.552077531814575, 1.9763436317443848, 2.203524351119995, 1.9454107284545898, 1.991074800491333, 2.3486504554748535, 2.469740629196167, 2.891282796859741, 2.9575119018554688, 4.114394187927246, 2.3322737216949463, 1.8344604969024658, 2.0167436599731445, 2.0087034702301025, 2.2462823390960693, 3.280219793319702, 3.7698423862457275, 3.159749746322632, 3.914316415786743, 2.010071277618408, 2.002028703689575, 1.8324823379516602, 1.9028267860412598, 2.192020893096924, 2.8674328327178955, 2.6884899139404297, 3.479060411453247, 2.8344595432281494, 5.085852861404419, 3.106555223464966, 3.131938934326172, 3.522369384765625, 79.36743187904358, 16.97635817527771, 2.5018844604492188, 3.3464126586914062, 1.2198455333709717, 1.1571018695831299, 0.5879960060119629, 2.1947946548461914, 1.8709015846252441, 1.5843310356140137, 0.6428279876708984, 1.1888959407806396, 0.5952167510986328, 0.6043932437896729, 0.622490406036377, 0.6083507537841797, 1.181401252746582, 1.3799126148223877, 1.2934565544128418, 1.4100465774536133, 1.1879806518554688, 1.2719480991363525, 0.6499233245849609, 1.2010719776153564, 1.40971040725708, 2.221827507019043, 2.3936767578125, 2.384838342666626, 1.2241597175598145, 0.6008651256561279, 1.2315313816070557, 1.2018275260925293, 0.5885117053985596, 1.3541808128356934, 2.4441163539886475, 1.4834275245666504, 1.1365609169006348, 1.1813552379608154, 1.1270778179168701, 1.173025131225586, 0.5859470367431641, 1.1362671852111816, 1.1944239139556885, 4.27357029914856, 2.7941572666168213, 1.7258834838867188, 1.2708284854888916, 1.430593729019165, 1.1999740600585938, 1.127992868423462, 1.1765131950378418, 1.1572725772857666, 1.1864092350006104, 1.1731579303741455, 1.1396880149841309, 1.165619134902954, 1.4615778923034668, 0.5960903167724609, 1.2115411758422852, 1.309213399887085, 0.612236499786377, 1.2670025825500488, 1.177607774734497, 1.166684865951538, 1.1597168445587158, 1.3403635025024414, 1.184654712677002, 0.5799112319946289, 1.2413771152496338, 1.1810240745544434, 1.2412595748901367, 1.2597994804382324, 1.209963321685791, 1.1738696098327637, 1.2374215126037598, 1.2219641208648682, 1.1640770435333252, 1.122223138809204, 1.184445858001709, 1.1591441631317139, 1.4256443977355957, 0.6259238719940186, 0.5922362804412842, 1.1664948463439941, 1.1459777355194092, 54.949870109558105, 30.440504789352417, 11.106254816055298, 9.030588388442993]
mean time for verified SAFE + TIMEOUT instances (total 140): 4.83046806880406, max time: [125.27869868278503, 116.472247838974]
mean time for verified UNSAFE instances (total 46): 0.23129771066748578, max time: 6.759169816970825
safe (total 138), index: [0, 1, 2, 3, 4, 5, 6, 7, 8, 9, 10, 11, 12, 13, 14, 15, 16, 17, 18, 19, 20, 21, 22, 23, 24, 25, 26, 27, 28, 29, 30, 31, 32, 33, 34, 35, 36, 37, 38, 39, 40, 41, 42, 43, 44, 45, 51, 52, 53, 73, 90, 91, 92, 93, 94, 95, 99, 100, 101, 102, 103, 104, 105, 106, 107, 108, 109, 110, 111, 112, 113, 114, 115, 116, 117, 118, 119, 120, 121, 122, 123, 124, 125, 126, 127, 128, 129, 130, 131, 132, 133, 134, 135, 136, 137, 138, 139, 140, 144, 145, 146, 147, 148, 149, 150, 151, 152, 153, 154, 155, 156, 157, 158, 159, 160, 161, 162, 163, 164, 165, 166, 167, 168, 169, 170, 171, 172, 173, 174, 175, 176, 177, 178, 179, 180, 181, 184, 185]
unsafe-bab (total 3), index: [46, 47, 49]
unsafe-pgd (total 43), index: [48, 50, 54, 55, 56, 57, 58, 59, 60, 61, 62, 63, 64, 66, 67, 68, 69, 70, 71, 72, 74, 75, 76, 77, 78, 79, 80, 81, 82, 84, 85, 86, 87, 88, 89, 96, 97, 98, 141, 142, 143, 182, 183]
unknown (total 2), index: [65, 83]
